3305922730
3305928747
3305914952
3305910286
3305909264
3305904197
3305914804
3305901408
3305892061
3305893454
3305888477
3305906333
3305890480
3305887954
3305868464
3305855583
3305838360
3305855603
3305838211
3305849810
3305870486
3305823731
3305808164
3305827672
3305845696
3305805216
3305820774
3305847671
3305807289
3305816518
3305799800
3305789672
3305781038
3305801798
3305811539
3305787844
3305764481
3305778374
3305755364
3305772829
3305766247
3305770310
3305711309
3305723447
3305663546
3305687525
3305696492
3305683913
3305684139
3305660169
3305655999
3305613690
3305627807
3305613180
3305577210
3305585154
3305586234
3305554924
3305590772
3305524422
3305544223
3305547295
3305535722
3305540629
3305514765
3305517347
3305467727
3305488564
3305479896
3305477913
3305491414
3305473595
3305483106
3305472722
3305436743
3305413246
3305419877
3305409067
3305419977
3305417963
3305400100
3305399688
3305371716
3305355322
3305384784
3305365671
3305318073
3305343432
3305293530
3305361571
3305304722
3305325978
3305337513
3305284698
3305312522
3305230485
3305257937
3305259266
3305267264
3305260457
3305274567
3305242715
3305247393
3305244522
3305244052
3305245252
3305211378
3305223931
3305215899
3305190546
3305142797
3305159852
3305125940
3305177578
3305160563
3305148359
3305117957
3305145131
3305131155
3305111572
3305072131
3305092936
3305120365
3305049629
3305016045
3305042437
3305066558
3305023614
3304976347
3305035308
3305058955
3305070490
3305006079
3305044900
3304988144
3305015966
3305047918
3304985094
3304917212
3304979389
3304934658
3304953542
3304946642
3304926730
3304904459
3304928058
3304908081
3304916365
3304883456
3304892562
3304856042
3304828265
3304841087
3304852361
3304851323
3304787754
3304784792
3304804907
3304770325
3304773866
3304790645
3304715689
3304744294
3304752080
3304767942
3304748455
3304729412
3304699669
3304692418
3304705980
3304678916
3304678082
3304677428
3304676796
3304678271
3304614070
3304635788
3304625471
3304615987
3304609712
3304603031
3304612378
3304578135
3304559838
3304523369
3304550959
3304565728
3304543366
3304539118
3304535214
3304544614
3304474044
3304482376
3304506343
3304499698
3304506643
3304456361
3304486917
3304474584
3304481878
3304457743
3304443831
3304454515
3304410759
3304421988
3304419510
3304411818
3304414132
3304394381
3304381765
3304385436
3304386795
3304381510
3304390126
3304364813
3304360822
3304352656
3304344968
3304323159
3304274805
3304290922
3304251750
3304264483
3304223574
3304208685
3304234061
3304199157
3304207247
3304193936
3304167389
3304152281
3304156059
3304145965
3304126393
3304120272
3304082703
3304084569
3304052746