3323764742
3313696775
3310067722
3305848843
3289178127
3313614863
3323084823
3312410661
3318292517
3292700727
3297091644
3324067901
3320160322
3323977796
3297149011
3295461467
3311329375
3307937894
3311665271
3311812730
3309813883
3307823242
3305488531
3314466968
3305906333
3295314078
3310018737
3292922036
3290996919
3295322301
3301671114
3309830347
3303555278
3322069202
3295068374
3324354781
3320840418
3310428387
3324174565
3298820329
3312025840
3295371504
3306594547
3320529145
3293667578
3306463489
3305824520
3308470539
3303899413
3318153509
3321757996
3298107700
3308192065
3307831642
3322798437
3312910714
3297501568
3303883150
3311165840
3295076753
3303907736
3308487071
3309592992
3300532640
3308429732
3324527013
3300368814
3305963950
3306799543
3290735042
3306029508
3292578252
3305357774
3293692384
3321356782
3323707886
3322888688
3313377785
3313639932
3306889727
3321995777
3291013636
3325493768
3289555467
3321152012
3319022095
3322290719
3320185379
3293528614
3320988206
3307897394
3308683837
3294945855
3303653955
3293160009
3318047314
3290522202
3303899739
3320881756
3306865253
3301630570
3311919742
3307913861
3315810950
3293086355
3307930260
3296649877
3307209368
3292414618
3309986460
3307807388
3293405859
3296133795
3289686694
3319472812
3298476724
3293250229
3303219894
3302998721
3306341060
3312222922
3312812748
3305013972
3313394396
3325666015
3317236448
3321946848
3321815775
3301737194
3309454058
3300041456
3307127540
3299189493
3311477494
3322807039
3304252160
3303047941
3313173257
3301614346
3294200593
3303244562
3317588757
3316040473
3307447072
3311059749
3313853232
3307004721
3318965044
3309806391
3319366457
3311723323
3293397819
3289154365
3318178621
3298992955
3301589824
3321979713
3311166284
3300606798
3310871375
3309781846
3289457505
3307537261
3321799534
3311592308
3298976637
3289645959
3310789511
3312264076
3324248988
3307758500
3312657329
3325526972
3319563200
3296535491
3308422087
3305849810
3314893781
3297321952
3305923575
3308323835
3291218940
3305702407
3298862090
3292185621
3305505813
3305735191
3294987293
3289121822
3312616481
3305980987
3299763261
3311846473
3291169872
3292775507
3312944213
3289957480
3318916201
3306464363
3300041837
3293316214
3305211000
3300394105
3297879162
3301418114
3294725255
3289212041
3325723787
3316688017
3294864534
3306685601
3305718949
3309528239
3320186033
3303548082
3309913266
3306095796
3307545779
3312641215
3311076544
3305571530
3303982289
3320554713
3312002269
3320235237
3302794471
3306603754
3306054893
3304703215
3322012917
3290481914
3295233280
3312592133
3311068424
3321660682
3300680970
3312272654
3322643739
3303499038
3317089574
3301492008
3306235177
3301573929
3294872887
3313108303
3320816976
3304850768
3325257045
3292325217
3305555302
3303843176
3313714546
3301533044
3320497530
3323372925
3301606786
3304891783
3294496141
3301639568
3303630224
3317925269
3325134231
3310986660
3297019300
3291235757
3324085677
3308488114
3313427893
3308512695
3297379772
3313853897
3322029514
3312264650
3320759756
3297691095
3306186202
3291891167
3322086893
3319358962
3315934708
3318072821
3315811829
3319916024
3294840316
3324265986
3298231810
3314353672
3300189707
3295323680
3317073443
3290531364
3315246633
3318244924
3290293826
3314255427
3307079236
3308471885
3318941277
3306366567
3313133162
3294783082
3322267248
3307071089
3295209078
3298870922
3323487883
3318335116
3293152915
3318032020
3290785432
3312527011
3289958054
3310601906
3324036789
3312944823
3313141433
3305318073
3289269945
3296470716
3320014525
3299698368
3314443977
3294922443
3320325840
3309397728
3295405797
3302557417
3321906932
3299215106
3289409286
3324741385
3322070806
3317491483
3294873380
3321276210
3310020402
3311429433
3318220609
3289130818
3324987207
3309643598
3289343822
3323823952
3324102509
3308570480
3305932658
3315910515
3299305331
3323479928
3322947451
3309168509
3309365118
3295422336
3324913542
3303942037
3309504408
3313608603
3322292134
3307095986
3288950719
3311781826
3309914055
3298371537
3307276242
3298838489
3322955738
3315156967
3307644904
3308939242
3311798258
3304040438
3292891136
3317680129
3297462292
3289753622
3315779611
3315615771
3291031588
3306866725
3301034028
3307636784
3309725754
3294685244
3301746748
3305801798
3298060361
3295029322
3299125328
3305506896
3293210715
3299117158
3311675496
3296594034
3320973437
3294267520
3307874435
3297224840
3299395720
3319629961
3304114320
3320146065
3296045206
3295242393
3290605726
3290409122
3294046375
3319589040
3300370626
3292195011
3323455689
3308906700
3296585942
3323767001
3292465369
3311773916
3291678941
3319064797
3295758567
3305072873
3303033084
3309283582
3308177669
3296733455
3305605394
3313576213
3309865250
3315263782
3299191098
3304843582
3311503682
3321465154
3304311109
3311716681
3296946513
3292973397
3322693981
3296790880
3290237291
3293120886
3317975415
3303483769
3293374842
3291154817
3289049474
3309767042
3317991814
3304098186
3292801418
3319196045
3321481614
3290753424
3299379602
3296831892
3311659413
3325462936
3311815065
3313535387
3324553631
3314756005
3290671526
3303705007
3304663477
3323161015
3308464573
3307776454
3295144398
3303721423
3307301328
3310045654
3315362264
3309955547
3293383132
3307751901
3322685917
3303942644
3306301949
3303082501
3301353992
3312790027
3313166865
3314895378
3290999315
3306736150
3298494999
3308972569
3307956764
3311807006
3291089449
3298953776
3293112883
3323955801
3310897758
3321817700
3320220277
3319204472
3308677752
3290057338
3295963772
3307809404
3318311553
3297102471
3301460616
3313453705
3306842760
3315559058
3317418648
3294816947
3295365814
3313396412
3318729411
3289590470
3297200854
3325848280
3299134171
3300289248
3291949797
3290008295
3302664936
3320113907
3317279476
3311708919
3310734084
3321858825
3290213135
3310308112
3308997393
3312610102
3307375417
3300453178
3298503486
3316902728
3320171338
3306072907
3311323995
3289713505
3300281187
3313568612
3288959854
3293285233
3303713650
3319876482
3306949507
3325676426
3322137486
3313281944
3293186970
3288861625
3301616581
3318066122
3290868695
3310889943
3294964708
3302231012
3312602092
3303549945
3319770111
3318213642
3321646092
3318098958
3321973790
3323726886
3324972087
3315444794
3309055038
3295169611
3295013967
3315666008
3319286876
3317828702
3301723244
3315567727
3315231856
3306228851
3290664061
3318557824
3299200137
3297258649
3306081434
3305598111
3317386399
3311586465
3317279907
3301280931
3299314856
3303943339
3294940336
3309735090
3306245307
3317927113
3314879693
3318344912
3319311569
3292622034
3318820051
3317705940
3317411034
3303927003
3313241309
3305458917
3305630954
3317722358
3305491714
3297078548
3313069332
3291835689
3292941621
3301305670
3291139412
3296357718
3307588951
3312274777
3294055775
3290770798
3311471985
3321957746
3289992565
3321646455
3324824957
3320049031
3293056395
3309661581
3309120910
3290598800
3320057235
3313192342
3292958102
3301871001
3301543321
3305958829
3311652269
3290820017
3307187635
3322899892
3307916732
3309366724
3298987470
3307515342
3319795172
3298881003
3321982466
3292155395
3305688586
3317149200
3319402001
3302673946
3290639899
3304369701
3315887655
3292180010
3321900587
3300683311
3309465135
3319631437
3290263129
3301273181
3291762280
3315756648
3318500973
3318214253
3310587501
3309833843
3319975548
3297775230
3296661120
3296890499
3305082507
3291664012
3308867215
3304869527
3308867246
3293179567
3323023028
3318984373
3317132984
3309047482
3297160891
3300445884
3305975484
3321302718
3311578816
3293474504
3323432650
3293597396
3297332951
3303370455
3305287383
3318394587
3325652705
3290189541
3295022828
3323318012
3291385604
3308384019
3305647893
3308891929
3322908442
3319844641
3300667170
3325316906
3294383916
3313037102
3313135406
3294842687
3303657282
3306975048
3306655569
3300724563
3297406804
3319918427
3315380065
3323260800
3317567364
3319598982
3307974540
3317985167
3305705364
3291246488
3319115675
3304976291
3294875558
3324014509
3303010222
3310882733
3309645742
3318067121
3323088822
3294195639
3293261759
3313782732
3307548622
3298471886
3300429780
3320917978
3296366555
3305574369
3301535715
3306901477
3305476071
3305172970
3319713772
3299307506
3299454971
3297251326
3289993214
3290058756
3305730052
3308933127
3303444503
3291828258
3311849507
3318599717
3306115109
3309637673
3315134511
3301412916
3290869815
3297382472
3301429321
3320197198
3303362638
3303632981
3321270358
3297628261
3311038572
3311202416
3300929649
3293106293
3310579829
3311308919
3300389009
3310629017
3319402672
3290280113
3307270324
3309891766
3291156664
3321516239
3318296785
3308269782
3298349277
3320590560
3299422439
3315986663
3304386795
3311562995
3293794549
3323056381
3311104261
3319263496
3316986131
3313627411
3297857814
3311833378
3294064938
3313946923
3318698291
3310547255
3315159362
3325382983
3304042828
3301282137
3325612381
3293647199
3318878562
3309719918
3309736303
3314626928
3299406194
3323646326
3293098367
3317010816
3309859202
3308409225
3297890706
3309146516
3288838554
3321377181
3305984415
3302543783
3294597555
3307327928
3288904126
3325850048
3321000393
3322515917
3303395799
3302379995
3313299936
3321123298
3311751651
3311686119
3290370540
3296031225
3289281017
3310752256
3289100801
3301429766
3322761745
3295244819
3297219091
3293712920
3298480672
3290509868
3308835375
3291845177
3309253178
3290903099
3321999932
3311194697
3323761231
3319829074
3303412308
3322884695
3320009304
3305689688
3307254363
3305820767
3315700321
3294483041
3305820774
3321713254
3289100910
3309138551
3298177660
3295122048
3321172616
3297079948
3289535117
3293917838
3313865357
3303404178
3317338773
3318567583
3323892384
3297186482
3309277875
3321983682
3298308805
3308909254
3293336263
3294802634
3301544651
3324711626
3325186764
3322860234
3302871772
3312374498
3316118245
3307385574
3323761383
3296645863
3305960170
3307754221
3315659508
3323654917
3289051931
3297145639
3319411496
3325309754
3324687165
3301331788
3297227600
3316405086
3316101982
3310490470
3319190375
3313488744
3296555879
3311719276
3310564206
3289879406
3301872496
3290223482
3310097283
3290289029
3315381126
3301643149
3314578325
3301028758
3309736858
3299513244
3311383465
3322393513
3304461235
3309056948
3325809590
3294540730
3315340224
3315307462
3305051084
3316110288
3296768978
3304018902
3309351908
3310605286
3315962861
3295892464
3290903536
3292091379
3320132602
3322065916
3292533763
3322622981
3293246475
3309327372
3322369048
3322221597
3305157670
3309163567
3304535097
3305911368
3315938378
3321287755
3301700686
3302724689
3300389974
3322016855
3302618204
3289330783
3300324452
3310474345
3306845296
3303568502
3309761657
3304166531
3321885831
3314275468
3322041488
3314480273
3323909277
3305075874
3308754086
3323753639
3308852392
3304584360
3311178933
3317937343
3317896395
3318166770
3300914422
3289068794
3313439998
3309688069
3317511434
3291297034
3300562196
3289175317
3311506708
3293295897
3294639389
3320624414
3299579172
3311727918
3312686387
3313169715
3311834423
3324261700
3291723077
3316938056
3311768905
3302036824
3300521322
3312227698
3299276147
3309499764
3318052222
3289232770
3306370436
3307984260
3319920012
3325400475
3320362405
3318101415
3304715689
3307713966
3290084784
3303765426
3297154487
3301569985
3295925698
3290617287
3313415625
3313513932
3297482200
3290846688
3295458785
3317929444
3321787879
3307804142
3317151216
3301774832
3294557682
3305215477
3309229560
3311547907
3305821700
3310417417
3295245853
3296048673
3303757347
3295860261
3310655025
3289708083
3308901942
3299030591
3319871044
3307951686
3292100182
3303962199
3310966363
3300783711
3323991650
3289593443
3324573283
3313038951
3320591984
3290994301
3295106688
3305764481
3305838211
3301742216
3319305869
3318937231
3319731855
3317601947
3301799588
3323369131
3307427502
3309852337
3317585586
3310638770
3323877042
3301447356
3301594813
3321296574
3323107006
3289568969
3298367182
3313522382
3313293013
3307976407
3307779805
3291051745
3315111655
3324303084
3298539245
3313252079
3296040690
3323991796
3309098740
3312752379
3291010813
3307280133
3291232007
3320084252
3320706845
3293681444
3296884523
3298989871
3325105968
3312097072
3322476340
3306739508
3303839548
3292223292
3301357386
3320674132
3305101146
3313006427
3299792741
3306788713
3322009450
3300980586
3323844457
3308787567
3289814896
3289659250
3297007489
3298097048
3301676955
3311310753
3293599650
3310679983
3315660719
3311703987
3322165177
3323664314
3321534410
3323983824
3293296593
3290879955
3313317848
3310819318
3305371640
3308550136
3294992377
3319117821
3305101312
3293444106
3296999434
3301734412
3304937482
3325138962
3289028627
3307624467
3309230105
3312810024
3301578799
3310090289
3301079095
3316004924
3319076943
3318249553
3307337819
3308722275
3297130597
3317635176
3324926058
3313195125
3319126135
3307935875
3306641540
3303700617
3305363600
3304863892
3316865186
3319019683
3322099881
3292174517
3315906744
3313195197
3312031946
3294279884
3325188302
3299424462
3316037840
3317938392
3303127256
3322099931
3299047645
3301513438
3298081000
3305789672
3312728312
3296082178
3324745999
3301513488
3319724304
3312769299
3299408148
3305191702
3289028887
3292059935
3306985764
3303201061
3304896804
3319814443
3322665260
3312376109
3307952432
3303323952
3311434035
3301128513
3290478914
3303815505
3296295259
3318675804
3314129250
3321870693
3316898152
3323066731
3300383094
3292862842
3303397782
3324000670
3324729760
3311778213
3300587947
3304135086
3324901815
3299473847
3297237437
3311237566
3318831550
3289307604
3314940374
3319019993
3321985499
3289184736
3298859498
3305429487
3311581695
3306002946
3315890697
3309861386
3309402638
3290143248
3293379090
3304430106
3291011617
3311237666
3303979567
3295312432
3305101873
3317561907
3304405565
3294919242
3306576459
3308968523
3289602663
3299318382
3309279856
3297221234
3318102650
3299990142
3315497605
3307059848
3306543755
3296107191
3313212088
3311262393
3314809530
3301366460
3305388743
3314391752
3322559177
3293952716
3305175756
3312704209
3324058321
3308018401
3321543401
3303987945
3324943094
3290708727
3320322806
3309083386
3319094013
3325459198
3325098756
3309869829
3312548614
3299285771
3317947155
3319798550
3312712472
3306257177
3292027677
3303848738
3307715364
3290315562
3311590188
3309468461
3320322865
3321781042
3297377077
3312835382
3290659639
3307567934
3308395326
3295370073
3323149147
3316915037
3324001129
3323722610
3307584374
3313220475
3300694908
3301063549
3291528062
3318610814
3307043712
3309714308
3323321228
3317783453
3290774435
3311614893
3291093943
3301440452
3311377348
3299187656
3305683913
3307576276
3306249176
3301694433
3305700344
3316734972
3306740746
3311549456
3323214865
3293355027
3292724251
3292396573
3309050912
3315473440
3309624358
3305495592
3303283762
3306036275
3302906934
3290889285
3314760774
3320659017
3324091485
3317505119
3322109042
3320003700
3301440631
3292773495
3308928125
3304463490
3308428422
3309550729
3295681676
3311500432
3307805840
3296197781
3300662424
3296992412
3315784860
3303423148
3306101940
3314433207
3302866105
3318594747
3311287484
3318316222
3296509123
3319717060
3291094213
3303636167
3323337929
3309886667
3324370132
3295354072
3304152281
3323559134
3307977950
3292396773
3312975089
3321273586
3319594227
3307887869
3306831102
3303464192
3301711105
3294723333
3311295760
3306495253
3305741612
3306954033
3319266613
3309559096
3324951865
3320872254
3290889538
3320159563
3299089747
3309870420
3305340245
3306986840
3314105690
3291397469
3309460833
3301760367
3297860986
3324026247
3311246728
3295436171
3323354508
3289849249
3324665249
3311697314
3289349547
3325377967
3313802673
3294363058
3308207542
3304775098
3290987965
3323633091
3301752274
3289423318
3298991576
3317841377
3318382051
3289128422
3297287657
3325296105
3324050923
3313491442
3323141626
3319881212
3303439875
3307855377
3307372068
3303849512
3307314737
3305905715
3315842615
3304791609
3309837886
3297492546
3311459906
3315351109
3290259021
3317497422
3315293773
3310878290
3305168477
3311476330
3324214902
3308838531
3292823189
3289923225
3302416031
3290267296
3305201313
3293879975
3291324075
3301318321
3296657080
3310034617
3324935870
3297091267
3315957443
3323272910
3303227088
3303161556
3289022165
3316047574
3323363034
3312418524
3299106525
3315810017
3293036260
3307732708
3321003754
3314794222
3323666159
3313024762
3292225275
3294879489
3300531975
3291078410
3313205004
3320192794
3294175003
3302801180
3307814686
3315392287
3300499230
3309584164
3311132452
3307364136
3325558569
3306241834
3295305526
3290726202
3303718715
3295027011
3291209542
3308805958
3301613386
3304193866
3289472844
3317448528
3292995411
3292946268
3301007218
3313753974
3293626234
3306635131
3301375868
3318210430
3316948865
3309723527
3289137032
3293355913
3316146059
3320635279
3303006095
3317292945
3301621655
3307478938
3324854173
3304996785
3305897906
3321552818
3303931827
3306692533
3318661047
3313344441
3310051259
3321888700
3317546942
3319627724
3295141836
3323543508
3312541653
3309772783
3295510526
