79470597
97353735
123336715
172242958
97030166
342188063
126052385
80623650
106594339
412753955
282359850
569303093
236677177
100266042
86861882
17500220
218736702
150726729
169025618
134506584
20641880
202971228
349825118
376166496
97067110
107337832
125554795
137545857
368605317
259975304
28850313
50043018
186888336
132853906
137382036
122245269
49918101
93552791
86796442
90200219
371654813
228604078
87586992
175171760
56635570
5476530
93907129
178501825
34986180
105812164
398037198
115620050
131846355
194818271
61098207
153819365
87791859
35817716
343333108
42989814
91234552
346861819
121790715
230379777
123787524
111874309
157458697
107313421
404054290
78090521
338526490
299063579
113004828
145627421
174827810
77523235
84404518
88172847
86731061
94083382
86845752
104464707
182733128
123777361
101110098
198631761
203661652
120736085
94439767
385448285
108163425
147796322
193612134
96811367
183910760
105392494
117483894
123953528
184375674
98568581
80480646
86792581
115777929
127658378
6773141
107094434
194630051
184043944
86700461
84234671
137841077
244857272
121708985
66093498
86923707
103735745
146233794
358541764
65917381
113822150
84132296
122499534
340990425
39672287
5067233
103944689
34505203
183785973
87017974
112609784
407187965
387748352
100182529
109584902
381116946
88719902
121815583
227373602
109650474
130744874
92400172
108614189
29149765
123392583
312187471
143213147
65976924
194359901
190745182
123142751
407194208
99762784
91382370
402405989
240364135
146504296
399596141
103651950
146336366
151771762
183511681
69558914
95957634
248388225
104979079
82262664
114596500
202918549
107877022
91484831
115346085
81144490
100250283
122372779
361566893
104880814
57561775
319873715
202508980
158327479
116386493
96729790
158282430
302107336
24009418
46559947
54151884
99132107
126581455
114035408
226233041
258163409
400941776
57260759
338465497
135893728
69104354
94786276
117201640
133573353
209201904
87440120
92824319
314829567
126212866
218245895
27333385
23589642
102976276
410733335
35334936
143719197
55872286
80225057
91986722
69301029
217752358
82203429
96781098
65348396
148882221
97389358
175657779
116357942
117496630
130313020
86795068
301155132
130315074
295801668
105595726
73073488
224705365
75909976
70198109
61107038
302095199
281043806
101540701
178633570
126737247
131894116
194016102
163412839
192914280
191458152
94554991
298683250
252007296
164402050
253936521
126090124
93430669
89428883
89705363
112249750
63257494
389202842
303664035
387228584
97797033
77202346
86817707
16354228
129610677
41798590
398214079
86799300
241519559
121877449
108680138
105599955
295470035
210381781
121885658
129596383
140387298
115291107
108717027
93154278
137855976
185996267
97018869
371303420
116102145
168072196
119991300
117693446
86930446
110248975
107459600
98255888
100901906
122895378
113892372
108747798
396885014
108454938
86744095
163458082
49570863
108958769
216369149
89945143
213953591
129340473
233522239
192912448
314700869
256871496
92734540
183604300
91802704
112405586
113929302
314584168
61867113
111021161
114478186
130563194
326562941
167963776
195847296
168830084
86912142
178771086
388875407
359150735
239885463
85517469
91460772
87278757
198685861
162854056
125758635
104744109
388580526
393858226
130327734
57949369
103767226
198673595
30387388
171347136
316390598
191769799
401024207
359068880
54211793
121314518
104635607
156392669
86897891
384206053
377937127
87932136
99495148
123172078
366724341
147236086
149529851
90125566
144645376
319302915
132183311
388752662
153959712
83516705
108997922
88245536
97676580
115608873
84917546
381287721
163353900
100881709
128771383
123022649
113106253
159049041
125326675
121249109
93705567
344692068
92441957
312012132
47529331
189099381
26287479
141690233
171345274
173632890
81991034
170614144
101242243
46757253
34698629
94762375
128957845
190240150
123200919
167933337
351180185
168385950
108928414
117986722
118363556
178107813
144575914
276491700
90219956
411934135
104314302
89114049
70952389
120733131
130801103
163591637
125314523
118357471
206726628
92028391
86918631
78642665
100634096
180782581
124225014
216169975
339781117
113899006
91971075
379039236
180018691
317658629
157343241
76752394
145282572
197547532
166639117
78181911
73506327
114441753
61482526
104500774
55768614
189326890
199767594
308416047
288392762
318920250
180020795
184940093
66702910
70372925
129257026
294567495
94381641
228113994
243754575
55793232
178495065
115140188
100109929
204682862
389033587
101457524
107855479
190043776
99604097
409134722
131769991
2584202
128071308
188018316
101717646
89351823
116850318
107269778
10366616
146603679
218848929
278193830
124229286
122812072
132851371
111548076
120743597
39749294
54075055
103812784
317814449
281585332
46208696
152960698
181886654
193601218
155162307
85278404
398780105
67436235
78225100
110427852
114120397
181522128
98930385
136296149
74667734
131638997
86789855
397801187
100630244
40818408
90318569
378533610
152901355
134852335
114933489
278109942
312323832
166262523
119527168
187694856
316894986
83054348
106809101
142051087
104414993
193404689
406882065
112027423
62318370
104314664
325521193
87717672
133711657
89843503
344475448
374132536
89354043
215457595
196996925
87095102
93409085
348725056
116090695
91397961
55584590
11962194
114214738
258160485
86781802
93003633
351315827
127848320
120446850
242040707
106028932
161417093
115924867
243691404
166770578
26316691
399689623
164917145
112426916
146134961
116342709
87488441
62451642
43276219
199133117
190693315
177233861
152364999
93704137
188571593
311236557
35549140
94420949
150388696
78512097
98852834
176060389
86835176
316418025
103809003
277925878
173119479
104275965
